v 0.351389 0.0783333 0.564444
v 0.356656 0.0787107 0.559684
v 0.361867 0.0791349 0.554831
v 0.367022 0.0796051 0.549887
v 0.372119 0.08012 0.544854
v 0.377159 0.0806788 0.539733
v 0.382142 0.0812803 0.534526
v 0.387065 0.0819235 0.529233
v 0.391929 0.0826073 0.523857
v 0.396734 0.0833308 0.518399
v 0.401478 0.0840929 0.512861
v 0.406161 0.0848925 0.507244
v 0.410783 0.0857287 0.501549
v 0.415343 0.0866003 0.495778
v 0.41984 0.0875063 0.489933
v 0.424275 0.0884457 0.484015
v 0.428645 0.0894175 0.478025
v 0.432951 0.0904205 0.471965
v 0.437193 0.0914538 0.465836
v 0.441369 0.0925163 0.459641
v 0.445479 0.093607 0.45338
v 0.449523 0.0947248 0.447054
v 0.453499 0.0958688 0.440667
v 0.457408 0.0970378 0.434218
v 0.461249 0.0982307 0.427709
v 0.465021 0.0994467 0.421142
v 0.468723 0.100685 0.414519
v 0.472356 0.101943 0.40784
v 0.475919 0.103222 0.401108
v 0.47941 0.104519 0.394324
v 0.48283 0.105835 0.387489
v 0.486177 0.107167 0.380604
v 0.489453 0.108514 0.373672
v 0.492654 0.109877 0.366694
v 0.495782 0.111252 0.359671
v 0.498836 0.112641 0.352605
v 0.501815 0.114041 0.345497
v 0.504718 0.115451 0.338349
v 0.507545 0.116871 0.331161
v 0.510296 0.118299 0.323937
v 0.512969 0.119735 0.316677
v 0.515565 0.121177 0.309382
v 0.518082 0.122624 0.302055
v 0.52052 0.124076 0.294696
v 0.52288 0.12553 0.287308
v 0.525159 0.126987 0.279891
v 0.527357 0.128445 0.272447
v 0.529475 0.129903 0.264978
v 0.53151 0.13136 0.257485
v 0.533464 0.132815 0.249969
v 0.535335 0.134267 0.242433
v 0.537122 0.135715 0.234877
v 0.538826 0.137158 0.227303
v 0.540445 0.138594 0.219713
v 0.541979 0.140024 0.212108
v 0.543427 0.141445 0.204489
v 0.544789 0.142857 0.196858
v 0.546065 0.144258 0.189217
v 0.547253 0.145648 0.181567
v 0.548353 0.147026 0.173909
v 0.549365 0.14839 0.166246
v 0.550288 0.14974 0.158577
v 0.551122 0.151074 0.150906
v 0.551865 0.152392 0.143233
v 0.552518 0.153692 0.13556
v 0.55308 0.154973 0.127888
v 0.553549 0.156235 0.120219
v 0.553927 0.157475 0.112555
v 0.554211 0.158694 0.104897
v 0.554402 0.159891 0.0972456
v 0.554499 0.161063 0.0896033
v 0.554502 0.162211 0.0819713
v 0.554409 0.163332 0.0743512
v 0.554221 0.164427 0.0667445
v 0.553936 0.165493 0.0591525
v 0.553555 0.166531 0.0515768
v 0.553076 0.167538 0.0440189
v 0.552499 0.168514 0.0364802
v 0.551823 0.169458 0.0289623
v 0.551049 0.170369 0.0214667
v 0.550175 0.171245 0.0139948
v 0.549201 0.172086 0.00654812
v 0.548126 0.172891 -0.000871833
v 0.546949 0.173658 -0.00826359
v 0.545671 0.174387 -0.0156257
v 0.54429 0.175077 -0.0229565
v 0.542807 0.175726 -0.0302547
v 0.541219 0.176333 -0.0375188
v 0.539528 0.176898 -0.0447473
v 0.537732 0.177419 -0.0519385
v 0.53583 0.177895 -0.0590912
v 0.533823 0.178326 -0.0662037
v 0.53171 0.17871 -0.0732747
v 0.529489 0.179046 -0.0803025
v 0.527161 0.179333 -0.0872858
v 0.524725 0.17957 -0.0942231
v 0.52218 0.179757 -0.101113
v 0.519526 0.179891 -0.107953
v 0.516763 0.179973 -0.114743
v 0.513889 0.18 -0.121481
v 0.513889 0.18 -0.121481
v 0.510904 0.179973 -0.128166
v 0.50781 0.179891 -0.134797
v 0.504608 0.179757 -0.141373
v 0.5013 0.179572 -0.147894
v 0.497885 0.179335 -0.15436
v 0.494368 0.17905 -0.160769
v 0.490747 0.178716 -0.167122
v 0.487025 0.178335 -0.173418
v 0.483204 0.177909 -0.179656
v 0.479284 0.177438 -0.185836
v 0.475267 0.176923 -0.191958
v 0.471155 0.176365 -0.19802
v 0.466949 0.175767 -0.204022
v 0.46265 0.175128 -0.209965
v 0.458259 0.174451 -0.215847
v 0.453778 0.173736 -0.221667
v 0.449209 0.172984 -0.227426
v 0.444553 0.172196 -0.233122
v 0.43981 0.171375 -0.238756
v 0.434984 0.17052 -0.244327
v 0.430074 0.169633 -0.249834
v 0.425082 0.168715 -0.255276
v 0.420011 0.167768 -0.260654
v 0.41486 0.166792 -0.265966
v 0.409632 0.165788 -0.271213
v 0.404328 0.164759 -0.276393
v 0.398949 0.163704 -0.281507
v 0.393497 0.162625 -0.286553
v 0.387973 0.161524 -0.291531
v 0.382378 0.160401 -0.296441
v 0.376714 0.159257 -0.301281
v 0.370983 0.158095 -0.306053
v 0.365185 0.156914 -0.310754
v 0.359322 0.155716 -0.315386
v 0.353396 0.154502 -0.319946
v 0.347408 0.153273 -0.324434
v 0.341358 0.152031 -0.328851
v 0.33525 0.150777 -0.333195
v 0.329083 0.149511 -0.337467
v 0.32286 0.148235 -0.341664
v 0.316581 0.146951 -0.345788
v 0.310249 0.145658 -0.349837
v 0.303864 0.144359 -0.353811
v 0.297428 0.143054 -0.35771
v 0.290942 0.141746 -0.361532
v 0.284409 0.140434 -0.365278
v 0.277828 0.13912 -0.368947
v 0.271202 0.137805 -0.372538
v 0.264532 0.13649 -0.376051
v 0.257819 0.135177 -0.379485
v 0.251065 0.133867 -0.38284
v 0.244271 0.13256 -0.386116
v 0.237438 0.131258 -0.389311
v 0.230568 0.129962 -0.392426
v 0.223663 0.128674 -0.395459
v 0.216723 0.127394 -0.398411
v 0.20975 0.126123 -0.40128
v 0.202745 0.124864 -0.404067
v 0.195711 0.123616 -0.40677
v 0.188647 0.122381 -0.40939
v 0.181557 0.12116 -0.411925
v 0.17444 0.119954 -0.414376
v 0.167299 0.118765 -0.416741
v 0.160134 0.117594 -0.41902
v 0.152948 0.116441 -0.421213
v 0.145741 0.115309 -0.42332
v 0.138515 0.114197 -0.425338
v 0.131271 0.113108 -0.427269
v 0.124011 0.112042 -0.429112
v 0.116737 0.111 -0.430866
v 0.109449 0.109985 -0.43253
v 0.102148 0.108996 -0.434104
v 0.0948374 0.108035 -0.435588
v 0.0875171 0.107103 -0.436981
v 0.0801889 0.106202 -0.438282
v 0.0728542 0.105332 -0.439492
v 0.0655144 0.104495 -0.440609
v 0.0581708 0.103691 -0.441633
v 0.0508249 0.102923 -0.442563
v 0.043478 0.10219 -0.443399
v 0.0361316 0.101495 -0.444141
v 0.0287869 0.100838 -0.444788
v 0.0214455 0.100221 -0.445339
v 0.0141087 0.0996446 -0.445794
v 0.00677793 0.0991099 -0.446153
v -0.000545492 0.0986183 -0.446414
v -0.00786013 0.0981708 -0.446578
v -0.0151646 0.0977686 -0.446643
v -0.0224575 0.097413 -0.44661
v -0.0297375 0.0971049 -0.446478
v -0.037003 0.0968457 -0.446246
v -0.0442529 0.0966364 -0.445914
v -0.0514857 0.0964782 -0.445481
v -0.0586999 0.0963722 -0.444947
v -0.0658942 0.0963197 -0.444311
v -0.0730672 0.0963217 -0.443573
v -0.0802175 0.0963794 -0.442733
v -0.0873437 0.096494 -0.441789
v -0.0944444 0.0966667 -0.440741
v -0.0944444 0.0966667 -0.440741
v -0.101519 0.0968981 -0.439589
v -0.108565 0.0971874 -0.438334
v -0.115585 0.0975335 -0.436977
v -0.122577 0.097935 -0.435519
v -0.129541 0.0983907 -0.433961
v -0.136477 0.0988995 -0.432304
v -0.143384 0.09946 -0.43055
v -0.150262 0.100071 -0.4287
v -0.157112 0.100731 -0.426754
v -0.163932 0.10144 -0.424714
v -0.170723 0.102195 -0.422581
v -0.177484 0.102996 -0.420356
v -0.184215 0.103841 -0.41804
v -0.190916 0.104729 -0.415634
v -0.197586 0.105659 -0.41314
v -0.204225 0.106629 -0.410559
v -0.210834 0.107639 -0.407891
v -0.21741 0.108688 -0.405137
v -0.223956 0.109773 -0.4023
v -0.230469 0.110894 -0.39938
v -0.23695 0.112049 -0.396378
v -0.243399 0.113237 -0.393295
v -0.249815 0.114458 -0.390132
v -0.256198 0.115709 -0.386891
v -0.262548 0.11699 -0.383573
v -0.268864 0.118298 -0.380178
v -0.275147 0.119634 -0.376709
v -0.281396 0.120996 -0.373165
v -0.28761 0.122382 -0.369548
v -0.29379 0.123792 -0.36586
v -0.299935 0.125224 -0.362101
v -0.306045 0.126676 -0.358273
v -0.312119 0.128148 -0.354376
v -0.318158 0.129639 -0.350412
v -0.324161 0.131146 -0.346381
v -0.330129 0.13267 -0.342286
v -0.336059 0.134208 -0.338127
v -0.341953 0.135759 -0.333905
v -0.34781 0.137323 -0.329621
v -0.35363 0.138898 -0.325277
v -0.359413 0.140482 -0.320874
v -0.365157 0.142075 -0.316412
v -0.370864 0.143675 -0.311893
v -0.376533 0.145281 -0.307318
v -0.382163 0.146892 -0.302688
v -0.387754 0.148506 -0.298004
v -0.393306 0.150123 -0.293268
v -0.398819 0.151741 -0.28848
v -0.404292 0.153358 -0.283641
v -0.409726 0.154974 -0.278754
v -0.415119 0.156588 -0.273818
v -0.420472 0.158197 -0.268835
v -0.425784 0.159802 -0.263806
v -0.431056 0.1614 -0.258732
v -0.436286 0.16299 -0.253615
v -0.441475 0.164572 -0.248455
v -0.446623 0.166144 -0.243253
v -0.451728 0.167704 -0.238012
v -0.456791 0.169251 -0.232731
v -0.461812 0.170785 -0.227411
v -0.46679 0.172304 -0.222055
v -0.471724 0.173807 -0.216664
v -0.476616 0.175292 -0.211237
v -0.481464 0.176758 -0.205777
v -0.486269 0.178204 -0.200284
v -0.491029 0.17963 -0.19476
v -0.495745 0.181032 -0.189206
v -0.500416 0.182411 -0.183622
v -0.505042 0.183765 -0.178011
v -0.509624 0.185093 -0.172373
v -0.51416 0.186394 -0.166709
v -0.51865 0.187666 -0.16102
v -0.523094 0.188908 -0.155308
v -0.527493 0.190119 -0.149574
v -0.531844 0.191298 -0.143818
v -0.53615 0.192443 -0.138042
v -0.540408 0.193553 -0.132247
v -0.544619 0.194627 -0.126434
v -0.548782 0.195664 -0.120605
v -0.552898 0.196662 -0.11476
v -0.556965 0.197621 -0.1089
v -0.560984 0.198538 -0.103027
v -0.564955 0.199414 -0.0971416
v -0.568877 0.200246 -0.0912451
v -0.57275 0.201033 -0.0853386
v -0.576573 0.201774 -0.0794231
v -0.580347 0.202468 -0.0734999
v -0.584071 0.203114 -0.06757
v -0.587745 0.20371 -0.0616345
v -0.591368 0.204255 -0.0556947
v -0.594941 0.204748 -0.0497515
v -0.598463 0.205187 -0.0438062
v -0.601933 0.205573 -0.0378598
v -0.605352 0.205902 -0.0319135
v -0.60872 0.206174 -0.0259684
v -0.612035 0.206388 -0.0200255
v -0.615298 0.206542 -0.0140862
v -0.618509 0.206635 -0.00815136
v -0.621667 0.206667 -0.00222222
v -0.621667 0.206667 -0.00222222
v -0.624771 0.206635 0.00370025
v -0.627823 0.206542 0.00961559
v -0.630822 0.206387 0.0155234
v -0.633768 0.206173 0.0214235
v -0.636661 0.2059 0.0273154
v -0.639502 0.20557 0.0331989
v -0.64229 0.205183 0.0390735
v -0.645025 0.204742 0.044939
v -0.647708 0.204246 0.050795
v -0.650338 0.203698 0.0566412
v -0.652916 0.203098 0.0624773
v -0.655442 0.202447 0.0683028
v -0.657915 0.201748 0.0741176
v -0.660336 0.201 0.0799212
v -0.662705 0.200205 0.0857134
v -0.665022 0.199365 0.0914937
v -0.667287 0.198479 0.0972618
v -0.6695 0.197551 0.103018
v -0.671662 0.19658 0.10876
v -0.673771 0.195568 0.11449
v -0.675829 0.194516 0.120206
v -0.677835 0.193425 0.125909
v -0.679789 0.192296 0.131597
v -0.681692 0.191131 0.137271
v -0.683544 0.189931 0.14293
v -0.685344 0.188697 0.148573
v -0.687093 0.187429 0.154202
v -0.688791 0.18613 0.159814
v -0.690437 0.1848 0.16541
v -0.692032 0.183441 0.17099
v -0.693577 0.182053 0.176553
v -0.69507 0.180638 0.182099
v -0.696512 0.179198 0.187627
v -0.697904 0.177732 0.193137
v -0.699245 0.176243 0.19863
v -0.700535 0.174731 0.204103
v -0.701774 0.173198 0.209558
v -0.702963 0.171644 0.214994
v -0.704101 0.170072 0.22041
v -0.705189 0.168482 0.225807
v -0.706227 0.166875 0.231183
v -0.707214 0.165253 0.236538
v -0.708151 0.163616 0.241873
v -0.709037 0.161966 0.247187
v -0.709874 0.160304 0.252479
v -0.710661 0.158632 0.257749
v -0.711397 0.156949 0.262998
v -0.712084 0.155258 0.268223
v -0.712721 0.15356 0.273426
v -0.713308 0.151855 0.278605
v -0.713846 0.150146 0.283761
v -0.714333 0.148432 0.288894
v -0.714772 0.146716 0.294002
v -0.71516 0.144999 0.299085
v -0.7155 0.143281 0.304144
v -0.715789 0.141564 0.309177
v -0.71603 0.139848 0.314185
v -0.716221 0.138136 0.319167
v -0.716364 0.136428 0.324123
v -0.716457 0.134726 0.329052
v -0.716501 0.13303 0.333955
v -0.716496 0.131342 0.33883
v -0.716442 0.129663 0.343678
v -0.716339 0.127994 0.348497
v -0.716188 0.126337 0.353289
v -0.715988 0.124691 0.358052
v -0.715739 0.12306 0.362786
v -0.715442 0.121443 0.367491
v -0.715096 0.119842 0.372167
v -0.714701 0.118258 0.376812
v -0.714259 0.116693 0.381428
v -0.713768 0.115146 0.386013
v -0.713229 0.113621 0.390567
v -0.712641 0.112117 0.39509
v -0.712006 0.110636 0.399581
v -0.711322 0.10918 0.40404
v -0.710591 0.107748 0.408467
v -0.709812 0.106343 0.412862
v -0.708984 0.104965 0.417223
v -0.70811 0.103617 0.421552
v -0.707187 0.102298 0.425847
v -0.706217 0.10101 0.430108
v -0.705199 0.0997544 0.434335
v -0.704134 0.0985322 0.438527
v -0.703021 0.0973447 0.442684
v -0.701861 0.0961928 0.446807
v -0.700653 0.0950778 0.450893
v -0.699399 0.0940009 0.454944
v -0.698097 0.0929632 0.458958
v -0.696748 0.0919659 0.462936
v -0.695352 0.0910102 0.466877
v -0.693909 0.0900972 0.470781
v -0.69242 0.089228 0.474647
v -0.690883 0.088404 0.478476
v -0.6893 0.0876261 0.482266
v -0.68767 0.0868956 0.486017
v -0.685993 0.0862136 0.48973
v -0.68427 0.0855814 0.493403
v -0.6825 0.085 0.497037
v -0.6825 0.085 0.497037
v -0.680684 0.0844703 0.500631
v -0.678821 0.0839917 0.504185
v -0.676913 0.0835633 0.5077
v -0.674958 0.0831841 0.511176
v -0.672956 0.0828531 0.514613
v -0.670909 0.0825695 0.51801
v -0.668816 0.0823324 0.52137
v -0.666677 0.0821407 0.524691
v -0.664492 0.0819935 0.527974
v -0.662261 0.0818899 0.531219
v -0.659984 0.081829 0.534427
v -0.657662 0.0818098 0.537597
v -0.655294 0.0818314 0.54073
v -0.65288 0.0818928 0.543826
v -0.650421 0.0819931 0.546885
v -0.647917 0.0821314 0.549908
v -0.645367 0.0823067 0.552895
v -0.642772 0.0825182 0.555845
v -0.640131 0.0827647 0.55876
v -0.637446 0.0830455 0.56164
v -0.634715 0.0833596 0.564484
v -0.63194 0.083706 0.567293
v -0.629119 0.0840838 0.570067
v -0.626254 0.0844921 0.572806
v -0.623344 0.0849299 0.575511
v -0.620389 0.0853963 0.578182
v -0.617389 0.0858903 0.580819
v -0.614345 0.0864111 0.583422
v -0.611256 0.0869576 0.585991
v -0.608123 0.087529 0.588528
v -0.604945 0.0881242 0.591031
v -0.601723 0.0887425 0.593502
v -0.598457 0.0893827 0.59594
v -0.595146 0.0900441 0.598345
v -0.591792 0.0907256 0.600719
v -0.588393 0.0914263 0.60306
v -0.58495 0.0921452 0.60537
v -0.581463 0.0928815 0.607649
v -0.577933 0.0936342 0.609896
v -0.574358 0.0944024 0.612112
v -0.57074 0.0951851 0.614298
v -0.567078 0.0959814 0.616453
v -0.563373 0.0967903 0.618578
v -0.559624 0.0976109 0.620673
v -0.555831 0.0984423 0.622738
v -0.551996 0.0992835 0.624773
v -0.548116 0.100134 0.626779
v -0.544194 0.100992 0.628756
v -0.540228 0.101857 0.630704
v -0.536219 0.102728 0.632623
v -0.532167 0.103604 0.634513
v -0.528073 0.104485 0.636376
v -0.523935 0.105369 0.638211
v -0.519754 0.106255 0.640017
v -0.51553 0.107142 0.641796
v -0.511264 0.10803 0.643548
v -0.506955 0.108918 0.645273
v -0.502604 0.109804 0.646971
v -0.49821 0.110687 0.648643
v -0.493773 0.111568 0.650288
v -0.489294 0.112444 0.651906
v -0.484773 0.113315 0.653499
v -0.480209 0.11418 0.655066
v -0.475603 0.115038 0.656608
v -0.470955 0.115887 0.658125
v -0.466265 0.116728 0.659616
v -0.461533 0.117559 0.661083
v -0.45676 0.11838 0.662525
v -0.451944 0.119188 0.663942
v -0.447086 0.119984 0.665336
v -0.442187 0.120766 0.666706
v -0.437246 0.121534 0.668052
v -0.432263 0.122286 0.669375
v -0.427239 0.123022 0.670674
v -0.422173 0.12374 0.671951
v -0.417066 0.12444 0.673204
v -0.411918 0.125121 0.674436
v -0.406729 0.125782 0.675645
v -0.401498 0.126421 0.676832
v -0.396226 0.127039 0.677997
v -0.390913 0.127633 0.679141
v -0.385559 0.128204 0.680263
v -0.380164 0.12875 0.681364
v -0.374728 0.12927 0.682444
v -0.369252 0.129763 0.683504
v -0.363734 0.130228 0.684543
v -0.358176 0.130665 0.685562
v -0.352578 0.131072 0.686561
v -0.346939 0.131449 0.68754
v -0.341259 0.131794 0.6885
v -0.335539 0.132107 0.68944
v -0.329779 0.132387 0.690362
v -0.323978 0.132632 0.691264
v -0.318138 0.132843 0.692148
v -0.312257 0.133017 0.693013
v -0.306336 0.133154 0.693861
v -0.300375 0.133253 0.69469
v -0.294374 0.133313 0.695502
v -0.288333 0.133333 0.696296
v -0.288333 0.133333 0.696296
v -0.282253 0.133313 0.697073
v -0.276134 0.133253 0.697832
v -0.269977 0.133154 0.698572
v -0.263783 0.133016 0.699293
v -0.257553 0.132842 0.699993
v -0.251288 0.132631 0.700672
v -0.244989 0.132385 0.701329
v -0.238657 0.132104 0.701964
v -0.232293 0.131789 0.702575
v -0.225898 0.131442 0.703162
v -0.219472 0.131063 0.703724
v -0.213018 0.130653 0.70426
v -0.206535 0.130213 0.70477
v -0.200024 0.129744 0.705252
v -0.193488 0.129246 0.705707
v -0.186926 0.128721 0.706132
v -0.180339 0.12817 0.706528
v -0.173729 0.127593 0.706894
v -0.167097 0.126992 0.707228
v -0.160443 0.126366 0.70753
v -0.153769 0.125718 0.7078
v -0.147074 0.125048 0.708036
v -0.140362 0.124357 0.708238
v -0.133631 0.123645 0.708405
v -0.126884 0.122915 0.708536
v -0.120121 0.122165 0.708631
v -0.113343 0.121399 0.708688
v -0.106551 0.120615 0.708707
v -0.0997463 0.119816 0.708687
v -0.0929296 0.119003 0.708628
v -0.086102 0.118175 0.708528
v -0.0792644 0.117334 0.708386
v -0.0724177 0.116481 0.708203
v -0.0655629 0.115617 0.707977
v -0.0587009 0.114743 0.707707
v -0.0518328 0.113859 0.707394
v -0.0449594 0.112967 0.707034
v -0.0380818 0.112067 0.70663
v -0.0312008 0.11116 0.706178
v -0.0243176 0.110248 0.705679
v -0.0174329 0.10933 0.705132
v -0.0105478 0.108409 0.704536
v -0.00366328 0.107484 0.70389
v 0.00321979 0.106557 0.703194
v 0.0101004 0.105629 0.702446
v 0.0169776 0.1047 0.701646
v 0.0238504 0.103771 0.700794
v 0.0307179 0.102844 0.699887
v 0.037579 0.10192 0.698927
v 0.0444329 0.100998 0.697911
v 0.0512786 0.10008 0.696839
v 0.0581151 0.0991675 0.695711
v 0.0649415 0.0982606 0.694525
v 0.0717568 0.0973604 0.693281
v 0.0785601 0.0964678 0.691978
v 0.0853502 0.0955837 0.690615
v 0.0921265 0.0947089 0.689191
v 0.0988878 0.0938445 0.687706
v 0.105633 0.0929913 0.686159
v 0.112362 0.0921502 0.684549
v 0.119072 0.091322 0.682876
v 0.125764 0.0905077 0.681138
v 0.132437 0.0897082 0.679334
v 0.139088 0.0889244 0.677465
v 0.145718 0.0881572 0.675529
v 0.152325 0.0874074 0.673525
v 0.158909 0.086676 0.671453
v 0.165468 0.0859639 0.669312
v 0.172001 0.0852719 0.667101
v 0.178509 0.0846009 0.66482
v 0.184988 0.083952 0.662467
v 0.19144 0.0833258 0.660042
v 0.197862 0.0827234 0.657544
v 0.204253 0.0821457 0.654972
v 0.210614 0.0815935 0.652325
v 0.216942 0.0810677 0.649604
v 0.223237 0.0805693 0.646806
v 0.229498 0.0800991 0.643931
v 0.235724 0.079658 0.640979
v 0.241913 0.0792469 0.637949
v 0.248066 0.0788668 0.634839
v 0.254181 0.0785184 0.631649
v 0.260256 0.0782028 0.628379
v 0.266292 0.0779208 0.625027
v 0.272287 0.0776733 0.621593
v 0.27824 0.0774612 0.618076
v 0.284151 0.0772854 0.614475
v 0.290018 0.0771468 0.610789
v 0.295839 0.0770463 0.607018
v 0.301616 0.0769847 0.603161
v 0.307345 0.0769631 0.599217
v 0.313027 0.0769822 0.595186
v 0.318661 0.077043 0.591066
v 0.324245 0.0771464 0.586856
v 0.329779 0.0772933 0.582557
v 0.335261 0.0774845 0.578167
v 0.34069 0.077721 0.573685
v 0.346067 0.0780036 0.569111
v 0.351389 0.0783333 0.564444
